FeedForwardLayer [
neuralNum=35
weight=
-0.13471317428542776 -0.0329614277022269 0.7493731140718578 0.5021433205450307 0.5873663224017057 0.28363311109508327 -0.06294489243281808 0.023019715133593414 0.2853412562600924 -0.5541546750514694 
0.4620610916626698 0.030676309204401165 -0.23196810770440487 0.5580226925277001 -0.47660480062514365 -0.4327870015770321 -1.247115076774322 -0.6328784107030724 0.5541197524072558 0.2563993665633248 
0.5718904336908819 0.7719418662279252 0.29839817203100255 0.6095732673952644 0.26816858483618794 0.3865398820719009 -0.831091104938354 -0.6805396411812793 0.28418485822684997 -0.024471506552382286 
-1.2730560490659164 0.580840542226538 -0.9478014520274631 -0.8505418618185114 -0.4843377947612011 -1.0408644545837356 -0.4780266310359987 -0.18307877051578966 1.0386104444666198 0.7106046236163683 
-0.3990015932305971 -0.1144172293337598 -1.0658450810837756 -0.5997707601955291 -0.24841409298024963 -0.1342106063543249 -0.24772098851064397 -0.23138615489070133 0.2153121749865181 0.385201315187541 
0.14211007606086093 0.005694011764132283 2.097590474773601 -1.341204780647747 -1.4178795657665813 0.9963297797637907 0.6013400385237805 0.30211325146996565 1.2242233708941213 -1.270639133434248 
0.4440940388093785 -0.9923398266418659 0.9300614094100113 -0.060152119359589334 -0.2620766329224708 0.8830186395834968 -0.6351183364839469 -0.36371060335378913 0.6172297368958323 -0.6258728018689714 
-0.3508601127215226 -0.5856303761174794 1.0197371367593073 0.19404494508092082 0.4427707218259361 1.0769668715608431 -0.34471123096591194 -0.46977410119567964 -0.3959893624252299 -0.11035221765486371 
0.32537294765057023 0.09013175646486504 -0.4694312930745063 0.5637106757394986 -0.3930886829945362 -0.012478294368399114 1.010331558432449 0.34959365560866545 0.8757430511869061 0.7353290931434879 
-0.5937878415165807 0.09873826824162966 -0.06231707572808021 -0.6020824342494312 -3.103865257362183 -1.0273043411174236 2.166982682225793 -0.16592628719760874 -1.563564577096954 -1.5045053476864811 
-0.03766342744921287 -0.049915507762600085 2.148945304375944 0.05472970314118872 -1.192757910429991 1.6077210406933422 0.8381498638407058 -0.8496200823722065 -0.1516049601059187 -2.9175479467344254 
-0.07944057701965368 -0.6029418391892101 -0.536471790579955 0.33661416902242863 1.2583789284756723 -0.7438449792467997 -0.2990616523573437 0.36323085370516256 0.231800074316949 0.562268405749148 
0.6520199294864066 -0.5691214409117075 0.8648436670038249 1.0878841632860357 0.5456605711199595 0.7767030006969974 -0.22408588211528369 0.7305451195043523 0.6386443568365162 -0.158277166248213 
-1.2309729974518269 -1.2151250201185697 -0.26096898101391197 -0.5803366085042322 -0.8847844805451962 -0.6282728411462436 -0.44618400532952207 1.2618955777074479 0.72691887251629 0.3484912961077972 
0.9130356795865456 -0.503826362962081 -0.4146438067341401 0.030441987459389332 -2.446389928859397 -0.8245163594154918 2.185665109787448 -0.04451606471859659 -1.86805911917783 -0.3246613863404673 
-0.507364227940152 0.8606968917364257 0.5029682037339034 -0.09064302680743104 0.4479742673514677 0.6436716263529666 0.21236838089419832 -0.762434298625156 -0.39352559056701175 -0.3763749053086717 
0.3854740466148577 1.03159584732265 0.20496543563200617 -0.4794753063229887 0.8862920419810271 0.8615516411631745 2.0747477169855393 0.35561806244470173 -1.5316629877627754 0.533872607806545 
-0.7247640366945126 0.18591110383855516 -0.6587881423095612 -0.605348707149833 -0.46188099001190897 1.7741236908322944 1.2763865798809308 -0.7433326291549074 -0.8311960570782347 1.2377723909076035 
-0.9482818826955045 1.3204552096236972 -1.1290944340975797 -1.0638766984729067 1.6099013853673598 1.8605824272042075 0.9279549077378784 -1.1660460527025154 -1.318303857360498 0.9573748566391961 
-0.20509364035647143 0.7486441564484964 0.02141428365681692 -0.5561450276011544 0.24958562089766273 -0.45723697916865697 -0.43743026010226926 -1.0816779292676468 0.5451784999430332 -0.44449212534158367 
0.06497821333376917 0.9261335625145493 -2.548348600867578 2.4907247289927277 -0.07882986298335774 1.8429525528679256 -0.8523868560020438 0.261359882373357 0.3431779427803547 -0.19155465175171257 
-0.9016694265691584 -0.054985254700567546 -0.3815521756607057 0.32978541235741826 0.07294502383550738 -0.5565152903659837 -0.20227686379772594 0.005912655033110395 -0.36308991803588514 1.1093789271916654 
0.3310901120780794 -0.03378188876691341 -0.27562612792271707 -0.627990449216174 -0.7423694965718376 0.7036392251802636 -0.03782135102557854 0.29930144194380565 -0.7680555089414348 -1.0292436106819112 
-0.294338550036707 0.3947700911908754 0.7779250383419947 -1.181291959533199 0.2986838448300752 0.5173122707946203 -0.41124748790855753 -0.5987754728890317 -0.5852461970793709 0.3687893496165316 
1.6239784711431353 1.44290786525583 -0.0386544753455984 -0.8470797228514803 0.6703858134717552 -0.4944057615131102 0.9409582818703222 0.3637773183341844 1.2886893664835755 -0.860105416058932 
-0.9201121554531574 0.9873365350355798 -3.4142802417371008 2.3362258363902377 -0.61370183381578 1.4705217400563826 0.7924972037665962 -0.26001161093443087 0.40125449181045186 -0.20295589204383166 
-0.6413330456184694 0.30003660773142315 0.016171302821868412 -0.28042948776355675 -0.3651950525530046 0.33009904834189113 0.3941666057247195 0.9228536300010143 0.6568843995321504 0.943649769623276 
-0.5618181845182713 -1.0599323807695396 -0.3423800104248049 0.013481414059956584 -0.7515922094349169 0.6026222524909378 0.9472577032889158 0.5799026938888908 -0.4943985294233529 0.7906805971925206 
-0.019560240167174836 0.43336576620372463 0.4802435431673403 -0.43092147507477124 0.1342673894361258 0.5922753721321328 -0.5476729944275569 0.2420809808723759 -0.7766303119918715 -0.6397819429633178 
0.914715524951013 0.04348297024647019 -0.44071936837086706 -0.7883637852277904 0.5050792027302858 -0.6804729187483206 1.429110041242358 -0.48400262464156657 0.5230422796972218 -1.0783863254336905 
1.0092137614618033 1.032637725562824 -0.7344356823406711 -0.5147946112289772 -0.26257492947262284 0.8274077618222285 -1.646087028351776 -0.42049230088344725 -0.018618973721472875 1.4732927336719888 
1.1284364605471975 0.17383497232546627 0.4451439955820222 0.9649057927599396 -0.6228512658945021 -0.5260708261887975 -1.2781110192512408 0.43077800245568154 -0.14646172992100645 0.9919640206038248 
0.003914320518604839 -1.0127490788616138 -0.09043187154584933 0.4949058533317721 -0.5372906121347505 0.7011575137353107 0.2852812277630976 0.27456373206877677 -0.7660728185731444 0.53712542409172 
1.0182986890996029 0.4389274764104622 -0.8250640116878235 0.610221295153231 0.10946098838097665 0.1796878743633266 -1.5829881369928802 0.5656934469229813 0.9329224906871508 0.44553092528779 
0.7778747200845504 -0.50258837505961 0.8367484500723922 -0.5929725239843979 0.3340508275280039 0.436088026302845 -1.3975173203046365 -0.33351764963508346 -0.1299791220661719 0.9902750858066786 
0.9420699849329054 -0.06859163507874712 -0.23810343947736407 -0.26389597914431845 -0.16388628805831199 0.12144097874296914 0.14014382710304182 0.041548529792847844 0.2500405642813122 0.5385876265410953 
Input=
-0.5 -0.5 -0.5 -0.5 -0.5 -0.5 0.5 0.5 0.5 -0.5 -0.5 0.5 0.5 0.5 -0.5 -0.5 0.5 0.5 0.5 -0.5 -0.5 0.5 0.5 0.5 -0.5 -0.5 0.5 0.5 0.5 -0.5 -0.5 -0.5 -0.5 -0.5 -0.5 
0.5 0.5 -0.5 0.5 0.5 0.5 -0.5 -0.5 0.5 0.5 -0.5 0.5 -0.5 0.5 0.5 0.5 0.5 -0.5 0.5 0.5 0.5 0.5 -0.5 0.5 0.5 0.5 0.5 -0.5 0.5 0.5 -0.5 -0.5 -0.5 -0.5 -0.5 
-0.5 -0.5 -0.5 -0.5 -0.5 0.5 0.5 0.5 0.5 -0.5 0.5 0.5 0.5 0.5 -0.5 -0.5 -0.5 -0.5 -0.5 -0.5 -0.5 0.5 0.5 0.5 0.5 -0.5 0.5 0.5 0.5 0.5 -0.5 -0.5 -0.5 -0.5 -0.5 
-0.5 -0.5 -0.5 -0.5 -0.5 0.5 0.5 0.5 0.5 -0.5 0.5 0.5 0.5 0.5 -0.5 -0.5 -0.5 -0.5 -0.5 -0.5 0.5 0.5 0.5 0.5 -0.5 0.5 0.5 0.5 0.5 -0.5 -0.5 -0.5 -0.5 -0.5 -0.5 
0.5 0.5 -0.5 0.5 0.5 0.5 -0.5 -0.5 0.5 0.5 -0.5 0.5 -0.5 0.5 0.5 -0.5 -0.5 -0.5 -0.5 -0.5 0.5 0.5 -0.5 0.5 0.5 0.5 0.5 -0.5 0.5 0.5 0.5 0.5 -0.5 0.5 0.5 
-0.5 -0.5 -0.5 -0.5 -0.5 -0.5 0.5 0.5 0.5 0.5 -0.5 0.5 0.5 0.5 0.5 -0.5 -0.5 -0.5 -0.5 -0.5 0.5 0.5 0.5 0.5 -0.5 0.5 0.5 0.5 0.5 -0.5 -0.5 -0.5 -0.5 -0.5 -0.5 
-0.5 -0.5 -0.5 -0.5 -0.5 -0.5 0.5 0.5 0.5 0.5 -0.5 0.5 0.5 0.5 0.5 -0.5 -0.5 -0.5 -0.5 -0.5 -0.5 0.5 0.5 0.5 -0.5 -0.5 0.5 0.5 0.5 -0.5 -0.5 -0.5 -0.5 -0.5 -0.5 
-0.5 -0.5 -0.5 -0.5 -0.5 0.5 0.5 0.5 0.5 -0.5 0.5 0.5 0.5 -0.5 0.5 0.5 0.5 -0.5 0.5 0.5 0.5 0.5 -0.5 0.5 0.5 0.5 0.5 -0.5 0.5 0.5 0.5 0.5 -0.5 0.5 0.5 
-0.5 -0.5 -0.5 -0.5 -0.5 -0.5 0.5 0.5 0.5 -0.5 -0.5 0.5 0.5 0.5 -0.5 -0.5 -0.5 -0.5 -0.5 -0.5 -0.5 0.5 0.5 0.5 -0.5 -0.5 0.5 0.5 0.5 -0.5 -0.5 -0.5 -0.5 -0.5 -0.5 
-0.5 -0.5 -0.5 -0.5 -0.5 -0.5 0.5 0.5 0.5 -0.5 -0.5 0.5 0.5 0.5 -0.5 -0.5 -0.5 -0.5 -0.5 -0.5 0.5 0.5 0.5 0.5 -0.5 0.5 0.5 0.5 0.5 -0.5 -0.5 -0.5 -0.5 -0.5 -0.5 
]
FeedForwardLayer [
neuralNum=10
weight=
-0.6620372944772777 -1.8668008589971063 1.0185971385659087 -2.3431321954188773 1.7218353483900812 -1.2115896805529613 0.12543522116007103 3.0395646100320888 -1.511248201806839 -1.281448346891327 
-0.6292003628647542 2.734648244977212 -2.046547241917621 -1.2836406436342132 0.7257818878410205 -1.7645283535403848 -0.6741358099504376 2.100442605846996 -0.5897686599488019 -1.8432627991024464 
-0.32720184466196245 -2.456276584356522 1.8164508687209877 1.2316737316883173 -1.688654006589126 -3.8487643777290583 3.027607572311647 -0.061421085684921314 3.2891973911789574 -4.3387632101106774 
-3.4286695958226554 -2.655828848877137 -3.907156864425035 1.2289959861129696 -0.6524634618027897 2.7463325552249938 -2.181371242266574 -0.6369791292269098 -0.7940317190711198 1.3971738188885516 
2.1100457158070816 -0.27546818771255005 0.8641145464824506 -1.3287191809408274 -2.67588347904844 -3.17791406890547 -3.3623935180632207 1.6893086731052986 1.73806385510601 2.6124175289506484 
2.0183169786484405 -0.7586707802597721 -0.4791846509142776 3.94051482266927 -1.8291041447709646 -0.08666160109169598 -3.1683083477830776 2.4160108540742167 -2.866529612928476 1.250636143726107 
0.46686652404465306 1.981587163631154 0.41488110073129564 -1.4873235224233186 -3.6481421875443383 0.9115476981287252 0.683966153307124 -1.2125767485814043 -4.5457692866868875 -3.1295195226031454 
-1.560185175519239 -1.7076128287539514 -1.097718891387521 -1.0466380104688393 -0.3367123969975149 -0.08515171549790923 0.8831951900660685 -2.5854100443227197 -0.39350351818188406 -1.319632905880694 
-3.574170615265866 0.04112928367922315 1.6065647685018039 0.4567853627470125 1.2877889761368564 -2.696824878065779 -3.494144093499168 -1.0742547074145505 0.20677016112996638 0.11292965478189383 
2.368617539047423 -1.2100845419858488 -3.9638302491840407 -3.9309311797149844 1.3051355659238162 -0.8933331175115927 -0.19397498084048623 -1.391727468916785 1.2734251416684277 0.7170836142205944 
-1.760152334492855 -0.033894221027442835 -1.0563286602936308 -1.4637399234494972 -0.6696869448269742 0.3927855729265328 -0.6781123102221002 -2.70616430260312 -2.0450431134080174 -0.8368254776094163 
Input=
0.041277596593480306 0.0238832448825074 0.8505190357321257 0.06977212770643779 0.9908678770159738 0.9056303468020435 0.8989861237668312 0.9468782802689824 0.0625193168833812 0.9935059605451949 
0.05482141208385292 0.9880904760763317 0.0037122338443663977 0.0870350128168469 0.37910215332245706 0.03197351242610017 0.9979895801490313 0.48800499394150315 0.7539599798408934 0.37052238480523747 
0.6868494037279292 0.008112546244654061 0.9991662616220535 0.033458678867818226 0.77158771735832 0.3088131154044986 0.8476747175719578 0.977392644827135 0.9793220450166769 0.02134538217612119 
0.06859994915112444 0.012381187744627379 0.8327859356800564 0.9568507023618688 0.3428321258456022 0.9754617786296381 0.3288305091636807 0.9799286577903236 0.9421599258909402 0.09267834618616069 
0.913867303814415 0.8319981956905091 0.004192473639226948 0.576180412697494 0.01584345392100538 0.0044881899034038535 0.07763340109012332 0.9452676144302818 0.9885247561922791 0.937068284587614 
0.08366234636564808 0.008663070876194914 0.04237105784308458 0.9784124777621862 0.026848852904569905 0.3157889091817973 0.9002206487986056 0.9855890509144593 0.1526780939056629 0.5194047935642964 
0.17675897176827413 0.0012878977686898328 0.9450406435034506 0.26636683291915564 0.05226318608674865 0.016517705096128456 0.9054726866999552 0.9855698885034422 0.07884231639546936 0.6158969353985674 
0.9930607047931118 0.9823027285154244 0.7136352285839048 0.7243305307949703 0.9611701290474105 0.9920844330400399 0.5626537157506839 0.3037015140783376 0.7701661467443691 0.47926180960935166 
0.13497021701496492 0.0019298771213689648 0.9651622575922645 0.39138497593220606 0.9341630995348815 0.09666464933553791 0.10977127890623976 0.9882762468511742 0.7258050948810943 0.9089875805728859 
0.06221971690393847 0.012933748459656554 0.06654378138886524 0.9876960700643115 0.8765263368816333 0.746234295089456 0.10405409272512456 0.9882918580579888 0.8478548898173319 0.8706620229801272 
]
FeedForwardLayer [
neuralNum=10
weight=
nullInput=
0.9352804840406459 0.013187421822528297 0.0203788463439418 0.012000810619309918 1.855022093919081E-4 0.0017862127934303795 0.03145574530352072 0.022902704365644334 0.03124019611813988 0.015539246602848684 
0.018597920831414323 0.9490112125607839 0.03159171016621631 0.0019578762173246985 0.03406818877985691 0.019916840053491237 0.011154731282219128 0.026608761810763028 0.0018307130581253388 0.006633908138676268 
0.006765544785725981 0.013944016025252222 0.930679734581105 0.028183894889451652 0.0025931545671146806 1.739033826780864E-4 0.03912251267709809 0.03657542606178169 0.03291500382313831 5.898039895305702E-4 
7.477747120616863E-4 0.001299458728230587 0.03909790285317222 0.9242086208692653 0.004193179000189475 0.020414182348733836 0.0012212059389930339 0.013792174732750928 0.018993567696782166 0.037050038769083644 
5.127429535959938E-4 0.027476257231152365 7.520603434474822E-4 2.484691487830953E-4 0.9511344051550553 0.015071866265114052 0.005574933458827775 0.03184174424304157 0.024770000779016702 0.031847672937905434 
0.007186503263723121 0.0256478097829381 6.202503132444581E-4 0.0279219983256052 0.009754613196388467 0.9274616784792985 0.05125669756558935 0.0011374595930362 5.754977144479703E-4 0.045654381442771376 
0.05241225065263558 0.017179263264626588 0.03967121799425026 0.0057323989747554115 0.006471261597635077 0.05125927365994792 0.923445169000629 0.0010545104435291095 0.04411600787592092 2.4344051117853707E-4 
0.02789914405290825 0.020888695564496775 0.0180555046034885 0.034322425642158726 0.00777730791669676 2.117972578149057E-4 1.0714574286625163E-4 0.9492688672460269 0.0043470361872414666 0.0182790278290045 
0.03647467628650387 0.0014116592395222948 0.031852950039625606 0.0044415960685388065 0.026344682987181504 2.9023949087034066E-4 0.02175616496637293 0.003982795075210259 0.9152849935348554 0.04712367463177843 
0.013079512537783214 0.0020071900625369377 5.59160086245393E-4 0.058481845025742746 0.0291822118640863 0.04098118176494074 3.9823770608387446E-5 0.009533900107662047 0.051877476289262106 0.921597463571115 
]

Global Error = 0.09995657154958759
Accuracy = 100.0%